70000001
  1110
  1112
  1150
  1201
  1216
  1217
  1220
  1221
  1222
  1223
  1224
  1250
  1262
  1263
  1298
  1309
  1311
  1316
  1672
  2201
  2208
  2380
70001001
  1851
  1954
70002001
  1114
  1115
  1117
  1601
  3860
70003001
  1103
  1105
  1106
  1120
  1122
  1124
  1203
  1713
  2430
  2432
  2456
70004001
70020001
  2736
  3003
  3074
  3805
70021001
  3278
  3753
70022001
  3949
  3950
  3952
  3953
  3954
  3977
  4033
  4556
  4803
  4968
70023001
  4066
  4373
  4500
  4506
  4508
  4512
  4515
  4517
  4973
70030001
  5397
  5407
  5558
  5589
  5614
  5632
  5635
  5637
  5642
  5658
  5706
  5708
  6196
  6197
  6323
  6409
  6469
  6470
  6471
  6472
  6473
  6474
  6540
  6562
  6751
  6772
70031001
  5553
  6195
  6377
  7316
70032001
  7241
  7336
  7342
  7390
  7438
  7440
  7447
  7496
  7498
  7545
  7550
  7552
  7554
  7556
  7558
  7562
  7746
  7928
  7930
70033001
  7826
  7827
  7876
  7954
  7966
  7967
  7972
  8016
  8033
  8034
  8035
  8037
  8048
  8049
  8050
  8051
  8052
  8066
  8113
  8130
  8131
  8134
  8166
  8202
  8211