version:2
00020002
00020003
00020004
01000001
01000002
01000003
01000004
01000005
01000006
01010001
01010002
01010003
01010004
01010005
01010006
01010007
01010008
01010009
01020001
01020002
01020003
01020004
01020005
01020006
01020007
01020008
01020009
01030004
01030005
01030006
01030008
01030009
01030010
01030011
01030012
01030013
01030014
01030015
02000002
02000003
02000004
02000005
02000006
02000007
02000008
02000009
02000010
02000011
02010004
02010005
02010006
02010007
02010008
02010009
02020002
02020003
02020004
02020005
02020006
02020007
02020008
02020009
02020010
02020011
02030001
02030002
02030003
02030004
02030005
02030006
02030007
02030008
02030009
02030010
02030011
02030012
02030013
02030014
02030015
03000001
03000002
03000003
03000004
03000005
03000006
03000007
03000008
03000009
03000010
03000011
03000012
03000013
03000014
03000015
03000016
03010002
03010003
03010004
03010005
03010006
03010007
03010008
03010009
03010010
03010011
03010012
03010013
03010014
03010015
03010016
03010017
03020002
03020003
03020004
03020005
03020006
03020007
03020008
03020009
03020010
03020011
03020012
03020013
03020014
03020015
03020016
03020017
03030002
03030003
03030004
03030005
03030006
03030007
03030008
03030009
03030010
03030011
03030012
03030013
03030014
03040001
03040002
03040003
03040004
03040005
03040006
03040007
03040008